A 0 0 0 0 0 0 0 0 0 1 0 0 1 0 1 0 3
B 0 0 0 0 1 0 0 0 0 1 0 0 1 0 0 0 3
C 0 0 0 0 0 0 0 0 1 0 1 0 0 1 0 0 3
D 0 0 0 0 0 1 0 0 1 0 0 0 0 1 0 0 3

E 0 0 0 0 0 0 0 0 0 1 0 0 1 0 0 0 2
F 0 0 0 0 0 0 0 0 1 0 0 0 0 1 0 0 2

G 1 0 0 0 1 0 0 0 1 0 0 0 1 1 0 0 5
H 0 0 0 0 0 0 0 0 1 1 1 1 1 0 0 0 5
I 0 1 0 0 0 1 0 0 0 1 0 0 1 1 0 0 5
J 0 0 0 0 0 0 0 0 1 0 0 0 1 1 1 1 5

K 0 0 0 0 1 0 0 0 1 0 0 0 1 1 0 0 4
L 0 0 0 0 0 0 0 0 1 1 1 0 1 0 0 0 4
M 0 0 0 0 1 1 0 0 0 1 0 0 0 1 0 0 4
N 0 0 0 0 0 0 0 0 0 0 1 0 1 1 1 0 4

O 0 0 0 0 0 1 0 0 0 1 0 0 1 1 0 0 4
P 0 0 0 0 0 0 0 0 1 0 0 0 1 1 1 0 4
Q 0 0 0 0 1 1 0 0 1 0 0 0 1 0 0 0 4
R 0 0 0 0 0 0 0 0 1 1 1 0 0 0 1 0 4

S 0 0 0 0 1 1 0 0 1 1 0 0 1 1 0 0 6
T 0 0 0 0 0 0 0 0 1 1 1 0 1 1 1 0 6

U 0 0 0 0 0 0 0 0 0 0 0 0 1 0 0 0 1

V 0 0 0 0 1 1 1 0 1 0 0 0 1 0 0 0 5
X 0 0 0 0 1 1 1 0 0 0 1 0 0 0 1 0 5
Y 0 0 0 0 0 0 1 0 0 0 1 0 1 1 1 0 5
Z 0 0 0 0 1 0 0 0 1 0 0 0 1 1 1 0 5
