A
0 0 0 0 
0 0 0 0 
0 0 0 0 
1 0 0 0 
1

B 
0 0 0 0 
0 0 0 0 
1 0 0 0 
1 0 0 0 
2

C
0 0 0 0 
0 0 0 0 
0 0 0 0 
1 1 0 0 
2

D 
0 0 0 0 
0 0 0 0 
1 0 0 0 
1 1 0 0 
3

E 
0 0 0 0 
0 0 0 0 
1 1 0 0 
1 0 0 0 
3

F 
0 0 0 0 
0 0 0 0 
1 1 0 0 
0 1 0 0 
3

G 
0 0 0 0 
0 0 0 0 
0 1 0 0 
1 1 0 0 
3

H 
0 0 0 0 
1 0 0 0 
1 0 0 0 
1 0 0 0 
3

I 
0 0 0 0 
0 0 0 0 
0 0 0 0 
1 1 1 0 
3

J 
0 0 0 0 
1 0 0 0 
1 0 0 0 
1 1 0 0 
4

K 
0 0 0 0 
0 0 0 0 
1 1 1 0 
1 0 0 0 
4

L 
0 0 0 0 
1 1 0 0 
0 1 0 0 
0 1 0 0 
4

M 
0 0 0 0 
0 0 0 0 
0 0 1 0 
1 1 1 0 
4

N 
0 0 0 0 
0 1 0 0 
0 1 0 0 
1 1 0 0 
4

O 
0 0 0 0 
0 0 0 0 
1 0 0 0 
1 1 1 0 
4

P 
0 0 0 0 
1 1 0 0 
1 0 0 0 
1 0 0 0 
4

Q 
0 0 0 0 
0 0 0 0 
1 1 1 0 
0 0 1 0 
4

R 
1 0 0 0 
1 0 0 0 
1 0 0 0 
1 0 0 0 
4

S 
0 0 0 0 
0 0 0 0 
0 0 0 0 
1 1 1 1 
4

T 
0 0 0 0 
0 0 0 0 
1 1 0 0 
1 1 0 0 
4

U
0 0 0 0
0 0 0 0
0 1 0 0
1 1 1 0
4

V
0 0 0 0
1 0 0 0
1 1 0 0
1 0 0 0
4

W
0 0 0 0
0 0 0 0
1 1 1 0
0 1 0 0
4

X
0 0 0 0
0 1 0 0
1 1 0 0
0 1 0 0 
4
