0 0 A 0 1 A 1 1 H 
0 
0 0 A 0 1 H 1 1 A 
0 
0 0 H 0 1 A 1 1 A 
0 
0 1 A 1 0 B 1 1 L 
0 
0 1 A 1 0 B 1 1 V 
0 
0 1 C 1 0 B 1 1 E 
0 
0 1 E 1 0 B 1 1 C 
0 
0 1 L 1 0 B 1 1 A 
0 
0 1 V 1 0 B 1 1 A 
0 
0 1 A 1 1 L 2 2 A 
0 
0 1 A 1 1 V 2 2 A 
0 
0 1 C 1 1 E 2 2 A 
0 
0 1 E 1 1 C 2 2 A 
0 
0 1 L 1 1 A 2 2 A 
0 
0 1 V 1 1 A 2 2 A 
0 
0 2 A 1 2 A 2 1 L 
0 
0 2 A 1 2 A 2 1 V 
0 
0 2 A 1 2 C 2 1 E 
0 
0 2 A 1 2 E 2 1 C 
0 
0 2 A 1 2 L 2 1 A 
0 
0 2 A 1 2 V 2 1 A 
0 
1 0 B 1 1 A 2 1 L 
0 
1 0 B 1 1 A 2 1 V 
0 
1 0 B 1 1 C 2 1 E 
0 
1 0 B 1 1 E 2 1 C 
0 
1 0 B 1 1 L 2 1 A 
0 
1 0 B 1 1 V 2 1 A 
0 
1 0 A 2 0 A 2 2 A 
0 
0 0 A 0 1 L 1 0 B 
0 
0 0 A 0 1 V 1 0 B 
0 
0 0 C 0 1 E 1 0 B 
0 
0 0 E 0 1 C 1 0 B 
0 
0 0 L 0 1 A 1 0 B 
0 
0 0 V 0 1 A 1 0 B 
0 
0 0 A 0 2 A 1 2 L 
0 
0 0 A 0 2 A 1 2 V 
0 
0 0 L 0 2 A 1 2 A 
0 
0 0 V 0 2 A 1 2 A 
0 
0 0 A 1 1 A 2 1 D 
0 
0 0 A 1 1 A 2 1 E 
0 
0 0 A 1 1 A 2 1 F 
0 
0 0 A 1 1 A 2 1 H 
0 
0 0 A 1 1 B 2 1 C 
0 
0 0 A 1 1 C 2 1 B 
0 
0 0 A 1 1 C 2 1 C 
0 
0 0 A 1 1 D 2 1 A 
0 
0 0 A 1 1 E 2 1 A 
0 
0 0 A 1 1 F 2 1 A 
0 
0 0 A 1 1 H 2 1 A 
0 
0 0 B 1 1 A 2 1 C 
0 
0 0 B 1 1 C 2 1 A 
0 
0 0 C 1 1 A 2 1 B 
0 
0 0 C 1 1 A 2 1 C 
0 
0 0 C 1 1 B 2 1 A 
0 
0 0 C 1 1 C 2 1 A 
0 
0 0 D 1 1 A 2 1 A 
0 
0 0 E 1 1 A 2 1 A 
0 
0 0 F 1 1 A 2 1 A 
0 
0 0 H 1 1 A 2 1 A 
0 
0 1 A 1 2 L 2 0 B 
0 
0 1 A 1 2 V 2 0 B 
0 
0 1 C 1 2 E 2 0 B 
0 
0 1 E 1 2 C 2 0 B 
0 
0 1 L 1 2 A 2 0 B 
0 
0 1 V 1 2 A 2 0 B 
0 
0 2 A 1 0 A 2 0 A 
0 
1 0 B 1 1 A 1 2 L 
0 
1 0 B 1 1 A 1 2 V 
0 
1 0 B 1 1 C 1 2 E 
0 
1 0 B 1 1 E 1 2 C 
0 
1 0 B 1 1 L 1 2 A 
0 
1 0 B 1 1 V 1 2 A 
0 
1 2 A 2 0 B 2 1 L 
0 
1 2 A 2 0 B 2 1 V 
0 
1 2 C 2 0 B 2 1 E 
0 
1 2 E 2 0 B 2 1 C 
0 
1 2 L 2 0 B 2 1 A 
0 
1 2 V 2 0 B 2 1 A 
0 
